(kicad_pcb (version 20171130) (host pcbnew "(5.0.0)")

  (general
    (thickness 1.6)
    (drawings 47)
    (tracks 367)
    (zones 0)
    (modules 46)
    (nets 24)
  )

  (page A4)
  (layers
    (0 F.Cu signal)
    (31 B.Cu signal)
    (32 B.Adhes user)
    (33 F.Adhes user)
    (34 B.Paste user)
    (35 F.Paste user)
    (36 B.SilkS user)
    (37 F.SilkS user)
    (38 B.Mask user)
    (39 F.Mask user)
    (40 Dwgs.User user hide)
    (41 Cmts.User user)
    (42 Eco1.User user)
    (43 Eco2.User user)
    (44 Edge.Cuts user)
    (45 Margin user)
    (46 B.CrtYd user)
    (47 F.CrtYd user hide)
    (48 B.Fab user)
    (49 F.Fab user hide)
  )

  (setup
    (last_trace_width 0.2)
    (trace_clearance 0.15)
    (zone_clearance 0.2)
    (zone_45_only no)
    (trace_min 0.2)
    (segment_width 0.15)
    (edge_width 0.15)
    (via_size 0.8)
    (via_drill 0.4)
    (via_min_size 0.4)
    (via_min_drill 0.3)
    (uvia_size 0.3)
    (uvia_drill 0.1)
    (uvias_allowed no)
    (uvia_min_size 0.2)
    (uvia_min_drill 0.1)
    (pcb_text_width 0.3)
    (pcb_text_size 1.5 1.5)
    (mod_edge_width 0.15)
    (mod_text_size 1 1)
    (mod_text_width 0.15)
    (pad_size 1.7 1.7)
    (pad_drill 1)
    (pad_to_mask_clearance 0.2)
    (aux_axis_origin 34 -26.25)
    (grid_origin 34 -26.25)
    (visible_elements 7EFFFFFF)
    (pcbplotparams
      (layerselection 0x010fc_ffffffff)
      (usegerberextensions true)
      (usegerberattributes false)
      (usegerberadvancedattributes false)
      (creategerberjobfile false)
      (excludeedgelayer true)
      (linewidth 0.100000)
      (plotframeref false)
      (viasonmask false)
      (mode 1)
      (useauxorigin true)
      (hpglpennumber 1)
      (hpglpenspeed 20)
      (hpglpendiameter 15.000000)
      (psnegative false)
      (psa4output false)
      (plotreference true)
      (plotvalue true)
      (plotinvisibletext false)
      (padsonsilk false)
      (subtractmaskfromsilk false)
      (outputformat 1)
      (mirror false)
      (drillshape 0)
      (scaleselection 1)
      (outputdirectory "Gerber"))
  )

  (net 0 "")
  (net 1 "Net-(C1-Pad1)")
  (net 2 GND)
  (net 3 +5V)
  (net 4 "Net-(C5-Pad1)")
  (net 5 "Net-(C6-Pad1)")
  (net 6 "Net-(J1-Pad27)")
  (net 7 "Net-(J1-Pad28)")
  (net 8 "Net-(L1-Pad1)")
  (net 9 "Net-(L1-Pad2)")
  (net 10 /SDA)
  (net 11 /A0)
  (net 12 /SCL)
  (net 13 /A1)
  (net 14 "Net-(R10-Pad2)")
  (net 15 +3V3)
  (net 16 "Net-(F1-Pad1)")
  (net 17 "Net-(R15-Pad2)")
  (net 18 "Net-(F1-Pad2)")
  (net 19 /I2C1_SDA)
  (net 20 /I2C1_SCL)
  (net 21 /TXD)
  (net 22 /RXD)
  (net 23 "Net-(SW1-Pad3)")

  (net_class Default "これは標準のネット クラスです。"
    (clearance 0.15)
    (trace_width 0.2)
    (via_dia 0.8)
    (via_drill 0.4)
    (uvia_dia 0.3)
    (uvia_drill 0.1)
    (diff_pair_gap 0.15)
    (diff_pair_width 0.2)
    (add_net +3V3)
    (add_net +5V)
    (add_net /A0)
    (add_net /A1)
    (add_net /I2C1_SCL)
    (add_net /I2C1_SDA)
    (add_net /RXD)
    (add_net /SCL)
    (add_net /SDA)
    (add_net /TXD)
    (add_net GND)
    (add_net "Net-(C1-Pad1)")
    (add_net "Net-(C5-Pad1)")
    (add_net "Net-(C6-Pad1)")
    (add_net "Net-(F1-Pad1)")
    (add_net "Net-(F1-Pad2)")
    (add_net "Net-(J1-Pad27)")
    (add_net "Net-(J1-Pad28)")
    (add_net "Net-(L1-Pad1)")
    (add_net "Net-(L1-Pad2)")
    (add_net "Net-(R10-Pad2)")
    (add_net "Net-(R15-Pad2)")
    (add_net "Net-(SW1-Pad3)")
  )

  (net_class POWER ""
    (clearance 0.2)
    (trace_width 0.8)
    (via_dia 0.8)
    (via_drill 0.4)
    (uvia_dia 0.3)
    (uvia_drill 0.1)
    (diff_pair_gap 0.15)
    (diff_pair_width 0.2)
  )

  (net_class TMDS ""
    (clearance 0.15)
    (trace_width 0.2)
    (via_dia 0.8)
    (via_drill 0.4)
    (uvia_dia 0.3)
    (uvia_drill 0.1)
    (diff_pair_gap 0.15)
    (diff_pair_width 0.2)
  )

  (net_class TMDS_FPGA ""
    (clearance 0.15)
    (trace_width 0.2)
    (via_dia 0.8)
    (via_drill 0.4)
    (uvia_dia 0.3)
    (uvia_drill 0.1)
    (diff_pair_gap 0.15)
    (diff_pair_width 0.2)
  )

  (net_class UIM ""
    (clearance 0.15)
    (trace_width 0.3)
    (via_dia 0.8)
    (via_drill 0.4)
    (uvia_dia 0.3)
    (uvia_drill 0.1)
    (diff_pair_gap 0.15)
    (diff_pair_width 0.22)
  )

  (module local:MountingHole_2.2mm_M2_DIN965_Mask locked (layer F.Cu) (tedit 5EDD20EB) (tstamp 5F0DEF0B)
    (at 3.5 -49)
    (descr "Mounting Hole 2.2mm, no annular, M2, DIN965")
    (tags "mounting hole 2.2mm no annular m2 din965")
    (path /5B8C50EC)
    (attr virtual)
    (fp_text reference MH4 (at 0 -2.9) (layer F.SilkS) hide
      (effects (font (size 1 1) (thickness 0.15)))
    )
    (fp_text value Corner (at 0 2.9) (layer F.Fab)
      (effects (font (size 1 1) (thickness 0.15)))
    )
    (fp_circle (center 0 0) (end 2.15 0) (layer F.CrtYd) (width 0.05))
    (fp_circle (center 0 0) (end 1.9 0) (layer Cmts.User) (width 0.15))
    (fp_text user %R (at 0.3 0) (layer F.Fab)
      (effects (font (size 1 1) (thickness 0.15)))
    )
    (pad "" smd circle (at 0 0) (size 2.05 2.05) (layers *.Paste F.Cu))
    (pad "" np_thru_hole circle (at 0 0) (size 2.2 2.2) (drill 2.2) (layers *.Cu *.Mask))
  )

  (module local:MountingHole_2.2mm_M2_DIN965_Mask locked (layer F.Cu) (tedit 5EDD20EB) (tstamp 5F0DEEF6)
    (at 3.5 -3.5)
    (descr "Mounting Hole 2.2mm, no annular, M2, DIN965")
    (tags "mounting hole 2.2mm no annular m2 din965")
    (path /5B8C5425)
    (attr virtual)
    (fp_text reference MH1 (at 0 -2.9) (layer F.SilkS) hide
      (effects (font (size 1 1) (thickness 0.15)))
    )
    (fp_text value Corner (at 0 2.9) (layer F.Fab)
      (effects (font (size 1 1) (thickness 0.15)))
    )
    (fp_circle (center 0 0) (end 2.15 0) (layer F.CrtYd) (width 0.05))
    (fp_circle (center 0 0) (end 1.9 0) (layer Cmts.User) (width 0.15))
    (fp_text user %R (at 0.3 0) (layer F.Fab)
      (effects (font (size 1 1) (thickness 0.15)))
    )
    (pad "" smd circle (at 0 0) (size 2.05 2.05) (layers *.Paste F.Cu))
    (pad "" np_thru_hole circle (at 0 0) (size 2.2 2.2) (drill 2.2) (layers *.Cu *.Mask))
  )

  (module local:MountingHole_2.2mm_M2_DIN965_Mask locked (layer F.Cu) (tedit 5EDD20EB) (tstamp 5F0DEEFD)
    (at 64.5 -3.5)
    (descr "Mounting Hole 2.2mm, no annular, M2, DIN965")
    (tags "mounting hole 2.2mm no annular m2 din965")
    (path /5B8C53DD)
    (attr virtual)
    (fp_text reference MH2 (at 0 -2.9) (layer F.SilkS) hide
      (effects (font (size 1 1) (thickness 0.15)))
    )
    (fp_text value Corner (at 0 2.9) (layer F.Fab)
      (effects (font (size 1 1) (thickness 0.15)))
    )
    (fp_circle (center 0 0) (end 2.15 0) (layer F.CrtYd) (width 0.05))
    (fp_circle (center 0 0) (end 1.9 0) (layer Cmts.User) (width 0.15))
    (fp_text user %R (at 0.3 0) (layer F.Fab)
      (effects (font (size 1 1) (thickness 0.15)))
    )
    (pad "" smd circle (at 0 0) (size 2.05 2.05) (layers *.Paste F.Cu))
    (pad "" np_thru_hole circle (at 0 0) (size 2.2 2.2) (drill 2.2) (layers *.Cu *.Mask))
  )

  (module local:MountingHole_2.2mm_M2_DIN965_Mask locked (layer F.Cu) (tedit 5EDD20EB) (tstamp 5F0DEF04)
    (at 64.5 -49)
    (descr "Mounting Hole 2.2mm, no annular, M2, DIN965")
    (tags "mounting hole 2.2mm no annular m2 din965")
    (path /5B8C536E)
    (attr virtual)
    (fp_text reference MH3 (at 0 -2.9) (layer F.SilkS) hide
      (effects (font (size 1 1) (thickness 0.15)))
    )
    (fp_text value Corner (at 0 2.9) (layer F.Fab)
      (effects (font (size 1 1) (thickness 0.15)))
    )
    (fp_circle (center 0 0) (end 2.15 0) (layer F.CrtYd) (width 0.05))
    (fp_circle (center 0 0) (end 1.9 0) (layer Cmts.User) (width 0.15))
    (fp_text user %R (at 0.3 0) (layer F.Fab)
      (effects (font (size 1 1) (thickness 0.15)))
    )
    (pad "" smd circle (at 0 0) (size 2.05 2.05) (layers *.Paste F.Cu))
    (pad "" np_thru_hole circle (at 0 0) (size 2.2 2.2) (drill 2.2) (layers *.Cu *.Mask))
  )

  (module local:PinHeader_1x02_P2.54mm_Horizontal (layer B.Cu) (tedit 5EF39F78) (tstamp 5EF5BCD3)
    (at 3.6 -8.35 270)
    (descr "Through hole angled pin header, 1x02, 2.54mm pitch, 6mm pin length, single row")
    (tags "Through hole angled pin header THT 1x02 2.54mm single row")
    (path /5ED1234E)
    (fp_text reference J2 (at 4.385 2.27 270) (layer B.SilkS)
      (effects (font (size 1 1) (thickness 0.15)) (justify mirror))
    )
    (fp_text value "Ext. BAT" (at 4.385 -4.81 270) (layer B.Fab)
      (effects (font (size 1 1) (thickness 0.15)) (justify mirror))
    )
    (fp_line (start -2.135 -3.77) (end -4.04 -3.77) (layer B.Fab) (width 0.1))
    (fp_line (start -4.04 -3.77) (end -4.04 1.31) (layer B.Fab) (width 0.1))
    (fp_line (start -4.04 1.31) (end -1.5 1.31) (layer B.Fab) (width 0.1))
    (fp_line (start -1.5 1.31) (end -1.5 -3.135) (layer B.Fab) (width 0.1))
    (fp_line (start -1.5 -3.135) (end -2.135 -3.77) (layer B.Fab) (width 0.1))
    (fp_line (start 0.32 -2.82) (end -1.5 -2.82) (layer B.Fab) (width 0.1))
    (fp_line (start 0.32 -2.82) (end 0.32 -2.18) (layer B.Fab) (width 0.1))
    (fp_line (start 0.32 -2.18) (end -1.5 -2.18) (layer B.Fab) (width 0.1))
    (fp_line (start -4.04 -2.82) (end -10.04 -2.82) (layer B.Fab) (width 0.1))
    (fp_line (start -10.04 -2.82) (end -10.04 -2.18) (layer B.Fab) (width 0.1))
    (fp_line (start -4.04 -2.18) (end -10.04 -2.18) (layer B.Fab) (width 0.1))
    (fp_line (start 0.32 -0.28) (end -1.5 -0.28) (layer B.Fab) (width 0.1))
    (fp_line (start 0.32 -0.28) (end 0.32 0.36) (layer B.Fab) (width 0.1))
    (fp_line (start 0.32 0.36) (end -1.5 0.36) (layer B.Fab) (width 0.1))
    (fp_line (start -10.04 -0.28) (end -10.04 0.36) (layer B.Fab) (width 0.1))
    (fp_line (start -4.04 0.36) (end -10.04 0.36) (layer B.Fab) (width 0.1))
    (fp_line (start 1.27 -2.5) (end 1.27 -3.77) (layer B.SilkS) (width 0.12))
    (fp_line (start 1.27 -3.77) (end 0 -3.77) (layer B.SilkS) (width 0.12))
    (fp_line (start 1.8 -4.3) (end 1.8 1.85) (layer B.CrtYd) (width 0.05))
    (fp_line (start 1.8 1.85) (end -10.55 1.85) (layer B.CrtYd) (width 0.05))
    (fp_line (start -10.55 1.85) (end -10.55 -4.3) (layer B.CrtYd) (width 0.05))
    (fp_line (start -10.55 -4.3) (end 1.8 -4.3) (layer B.CrtYd) (width 0.05))
    (fp_text user %R (at -2.77 -1.23) (layer B.Fab)
      (effects (font (size 1 1) (thickness 0.15)) (justify mirror))
    )
    (fp_line (start -4.04 -0.28) (end -10.04 -0.28) (layer B.Fab) (width 0.1))
    (pad 1 thru_hole circle (at 0 0 270) (size 1.7 1.7) (drill 1) (layers *.Cu *.Mask)
      (net 18 "Net-(F1-Pad2)"))
    (pad 2 thru_hole oval (at 0 -2.54 270) (size 1.7 1.7) (drill 1) (layers *.Cu *.Mask)
      (net 2 GND) (zone_connect 2))
    (model ${KISYS3DMOD}/Connector_PinHeader_2.54mm.3dshapes/PinHeader_1x02_P2.54mm_Horizontal.wrl
      (offset (xyz 0 -2.54 0))
      (scale (xyz 1 1 1))
      (rotate (xyz 0 0 -180))
    )
  )

  (module Package_SON:Texas_S-PWSON-N10_ThermalVias (layer F.Cu) (tedit 5A8E0335) (tstamp 5EE9A912)
    (at 12.4 -19.95 90)
    (descr "3x3mm Body, 0.5mm Pitch, S-PWSON-N10, DSC, http://www.ti.com/lit/ds/symlink/tps63060.pdf")
    (tags "0.5 S-PWSON-N10 DSC")
    (path /5EC713E8)
    (attr smd)
    (fp_text reference U2 (at 0 -2.8 90) (layer F.SilkS)
      (effects (font (size 1 1) (thickness 0.15)))
    )
    (fp_text value TPS63060 (at 0 2.8 90) (layer F.Fab)
      (effects (font (size 1 1) (thickness 0.15)))
    )
    (fp_line (start -0.7875 -1.575) (end -1.575 -0.7875) (layer F.Fab) (width 0.1))
    (fp_line (start -1.575 1.575) (end -1.575 -0.7875) (layer F.Fab) (width 0.1))
    (fp_line (start 1.575 1.575) (end -1.575 1.575) (layer F.Fab) (width 0.1))
    (fp_line (start 1.575 -1.575) (end 1.575 1.575) (layer F.Fab) (width 0.1))
    (fp_line (start -0.7875 -1.575) (end 1.575 -1.575) (layer F.Fab) (width 0.1))
    (fp_line (start -2.15 -2.03) (end -2.15 2.03) (layer F.CrtYd) (width 0.05))
    (fp_line (start 2.15 -2.03) (end 2.15 2.03) (layer F.CrtYd) (width 0.05))
    (fp_line (start -2.15 -2.03) (end 2.15 -2.03) (layer F.CrtYd) (width 0.05))
    (fp_line (start -2.15 2.03) (end 2.15 2.03) (layer F.CrtYd) (width 0.05))
    (fp_line (start 0.985 1.65) (end 1.65 1.65) (layer F.SilkS) (width 0.12))
    (fp_line (start -1.65 -1.65) (end -0.985 -1.65) (layer F.SilkS) (width 0.12))
    (fp_line (start 0.985 -1.65) (end 1.65 -1.65) (layer F.SilkS) (width 0.12))
    (fp_line (start -1.65 1.65) (end -0.985 1.65) (layer F.SilkS) (width 0.12))
    (fp_line (start 1.65 -1.4) (end 1.65 -1.65) (layer F.SilkS) (width 0.12))
    (fp_line (start 1.65 1.4) (end 1.65 1.65) (layer F.SilkS) (width 0.12))
    (fp_line (start -1.65 1.65) (end -1.65 1.4) (layer F.SilkS) (width 0.12))
    (fp_text user %R (at 0 0 90) (layer F.Fab)
      (effects (font (size 0.6 0.6) (thickness 0.09)))
    )
    (pad 11 smd rect (at -0.6 1.425 90) (size 0.25 0.7) (layers F.Cu F.Paste F.Mask)
      (net 2 GND) (solder_paste_margin -0.05))
    (pad 11 smd rect (at 0.6 1.425 90) (size 0.25 0.7) (layers F.Cu F.Paste F.Mask)
      (net 2 GND) (solder_paste_margin -0.05))
    (pad 11 smd rect (at -0.6 -1.425 90) (size 0.25 0.7) (layers F.Cu F.Paste F.Mask)
      (net 2 GND) (solder_paste_margin -0.05))
    (pad 11 smd rect (at 0.6 -1.425 90) (size 0.25 0.7) (layers F.Cu F.Paste F.Mask)
      (net 2 GND) (solder_paste_margin -0.05))
    (pad 1 smd oval (at -1.475 -1 90) (size 0.85 0.28) (layers F.Cu F.Paste F.Mask)
      (net 8 "Net-(L1-Pad1)") (solder_mask_margin 0.07) (solder_paste_margin -0.025))
    (pad 2 smd oval (at -1.475 -0.5 90) (size 0.85 0.28) (layers F.Cu F.Paste F.Mask)
      (net 1 "Net-(C1-Pad1)") (solder_mask_margin 0.07) (solder_paste_margin -0.025))
    (pad 3 smd rect (at -1.76 0 90) (size 0.28 0.28) (layers F.Cu F.Paste F.Mask)
      (net 17 "Net-(R15-Pad2)") (solder_mask_margin 0.07) (solder_paste_margin -0.025))
    (pad 4 smd oval (at -1.475 0.5 90) (size 0.85 0.28) (layers F.Cu F.Paste F.Mask)
      (net 2 GND) (solder_mask_margin 0.07) (solder_paste_margin -0.025))
    (pad 5 smd rect (at -1.76 1 90) (size 0.28 0.28) (layers F.Cu F.Paste F.Mask)
      (net 14 "Net-(R10-Pad2)") (solder_mask_margin 0.07) (solder_paste_margin -0.025))
    (pad 6 smd oval (at 1.475 1 90) (size 0.85 0.28) (layers F.Cu F.Paste F.Mask)
      (net 4 "Net-(C5-Pad1)") (solder_mask_margin 0.07) (solder_paste_margin -0.025))
    (pad 7 smd oval (at 1.475 0.5 90) (size 0.85 0.28) (layers F.Cu F.Paste F.Mask)
      (net 2 GND) (solder_mask_margin 0.07) (solder_paste_margin -0.025))
    (pad 8 smd rect (at 1.76 0 90) (size 0.28 0.28) (layers F.Cu F.Paste F.Mask)
      (net 5 "Net-(C6-Pad1)") (solder_mask_margin 0.07) (solder_paste_margin -0.025))
    (pad 9 smd rect (at 1.76 -0.5 90) (size 0.28 0.28) (layers F.Cu F.Paste F.Mask)
      (net 3 +5V) (solder_mask_margin 0.07) (solder_paste_margin -0.025))
    (pad 10 smd rect (at 1.76 -1 90) (size 0.28 0.28) (layers F.Cu F.Paste F.Mask)
      (net 9 "Net-(L1-Pad2)") (solder_mask_margin 0.07) (solder_paste_margin -0.025))
    (pad 11 thru_hole circle (at 0 0 90) (size 0.6 0.6) (drill 0.3) (layers *.Cu *.Mask)
      (net 2 GND))
    (pad 11 thru_hole circle (at -0.5 -0.5 90) (size 0.6 0.6) (drill 0.3) (layers *.Cu *.Mask)
      (net 2 GND))
    (pad 11 thru_hole circle (at 0.5 -0.5 90) (size 0.6 0.6) (drill 0.3) (layers *.Cu *.Mask)
      (net 2 GND))
    (pad 11 thru_hole circle (at -0.5 0.5 90) (size 0.6 0.6) (drill 0.3) (layers *.Cu *.Mask)
      (net 2 GND))
    (pad 11 thru_hole circle (at 0.5 0.5 90) (size 0.6 0.6) (drill 0.3) (layers *.Cu *.Mask)
      (net 2 GND))
    (pad 11 smd rect (at -0.2 -1.425 90) (size 0.25 0.7) (layers F.Cu F.Paste F.Mask)
      (net 2 GND) (solder_paste_margin -0.05))
    (pad 11 smd rect (at 0.2 -1.425 90) (size 0.25 0.7) (layers F.Cu F.Paste F.Mask)
      (net 2 GND) (solder_paste_margin -0.05))
    (pad 11 smd rect (at -0.2 1.425 90) (size 0.25 0.7) (layers F.Cu F.Paste F.Mask)
      (net 2 GND) (solder_paste_margin -0.05))
    (pad 11 smd rect (at 0.2 1.425 90) (size 0.25 0.7) (layers F.Cu F.Paste F.Mask)
      (net 2 GND) (solder_paste_margin -0.05))
    (pad 11 smd rect (at 0 0 90) (size 1.7 2.15) (layers F.Cu F.Mask)
      (net 2 GND))
    (pad 1 smd rect (at -1.76 -1 90) (size 0.28 0.28) (layers F.Cu F.Paste F.Mask)
      (net 8 "Net-(L1-Pad1)") (solder_mask_margin 0.07) (solder_paste_margin -0.025))
    (pad 2 smd rect (at -1.76 -0.5 90) (size 0.28 0.28) (layers F.Cu F.Paste F.Mask)
      (net 1 "Net-(C1-Pad1)") (solder_mask_margin 0.07) (solder_paste_margin -0.025))
    (pad 3 smd oval (at -1.475 0 90) (size 0.85 0.28) (layers F.Cu F.Paste F.Mask)
      (net 17 "Net-(R15-Pad2)") (solder_mask_margin 0.07) (solder_paste_margin -0.025))
    (pad 4 smd rect (at -1.76 0.5 90) (size 0.28 0.28) (layers F.Cu F.Paste F.Mask)
      (net 2 GND) (solder_mask_margin 0.07) (solder_paste_margin -0.025))
    (pad 5 smd oval (at -1.475 1 90) (size 0.85 0.28) (layers F.Cu F.Paste F.Mask)
      (net 14 "Net-(R10-Pad2)") (solder_mask_margin 0.07) (solder_paste_margin -0.025))
    (pad 6 smd rect (at 1.76 1 90) (size 0.28 0.28) (layers F.Cu F.Paste F.Mask)
      (net 4 "Net-(C5-Pad1)") (solder_mask_margin 0.07) (solder_paste_margin -0.025))
    (pad 7 smd rect (at 1.76 0.5 90) (size 0.28 0.28) (layers F.Cu F.Paste F.Mask)
      (net 2 GND) (solder_mask_margin 0.07) (solder_paste_margin -0.025))
    (pad 8 smd oval (at 1.475 0 90) (size 0.85 0.28) (layers F.Cu F.Paste F.Mask)
      (net 5 "Net-(C6-Pad1)") (solder_mask_margin 0.07) (solder_paste_margin -0.025))
    (pad 9 smd oval (at 1.475 -0.5 90) (size 0.85 0.28) (layers F.Cu F.Paste F.Mask)
      (net 3 +5V) (solder_mask_margin 0.07) (solder_paste_margin -0.025))
    (pad 10 smd oval (at 1.475 -1 90) (size 0.85 0.28) (layers F.Cu F.Paste F.Mask)
      (net 9 "Net-(L1-Pad2)") (solder_mask_margin 0.07) (solder_paste_margin -0.025))
    (pad 11 smd rect (at -0.001 0 90) (size 2.3 2.3) (layers B.Cu)
      (net 2 GND))
    (pad 11 smd rect (at -0.435 -0.56 90) (size 0.65 0.9) (layers F.Cu F.Paste F.Mask)
      (net 2 GND))
    (pad 11 smd rect (at 0.435 0.56 90) (size 0.65 0.9) (layers F.Cu F.Paste F.Mask)
      (net 2 GND))
    (pad 11 smd rect (at -0.435 0.56 90) (size 0.65 0.9) (layers F.Cu F.Paste F.Mask)
      (net 2 GND))
    (pad 11 smd rect (at 0.435 -0.56 90) (size 0.65 0.9) (layers F.Cu F.Paste F.Mask)
      (net 2 GND))
    (pad 11 smd rect (at -0.6 -1.425 90) (size 0.23 0.6) (layers F.Cu F.Paste F.Mask)
      (net 2 GND))
    (pad 11 smd rect (at -0.2 -1.425 90) (size 0.23 0.6) (layers F.Cu F.Paste F.Mask)
      (net 2 GND))
    (pad 11 smd rect (at 0.2 -1.425 90) (size 0.23 0.6) (layers F.Cu F.Paste F.Mask)
      (net 2 GND))
    (pad 11 smd rect (at 0.6 -1.425 90) (size 0.23 0.6) (layers F.Cu F.Paste F.Mask)
      (net 2 GND))
    (pad 11 smd rect (at -0.6 1.425 90) (size 0.23 0.6) (layers F.Cu F.Paste F.Mask)
      (net 2 GND))
    (pad 11 smd rect (at -0.2 1.425 90) (size 0.23 0.6) (layers F.Cu F.Paste F.Mask)
      (net 2 GND))
    (pad 11 smd rect (at 0.2 1.425 90) (size 0.23 0.6) (layers F.Cu F.Paste F.Mask)
      (net 2 GND))
    (pad 11 smd rect (at 0.6 1.425 90) (size 0.23 0.6) (layers F.Cu F.Paste F.Mask)
      (net 2 GND))
    (model ${KISYS3DMOD}/Package_SON.3dshapes/Texas_S-PWSON-N10.wrl
      (at (xyz 0 0 0))
      (scale (xyz 1 1 1))
      (rotate (xyz 0 0 0))
    )
  )

  (module Capacitor_SMD:C_0805_2012Metric (layer F.Cu) (tedit 5B36C52B) (tstamp 5EE9A69D)
    (at 10.6 -13.95 180)
    (descr "Capacitor SMD 0805 (2012 Metric), square (rectangular) end terminal, IPC_7351 nominal, (Body size source: https://docs.google.com/spreadsheets/d/1BsfQQcO9C6DZCsRaXUlFlo91Tg2WpOkGARC1WS5S8t0/edit?usp=sharing), generated with kicad-footprint-generator")
    (tags capacitor)
    (path /5EC71AAB)
    (attr smd)
    (fp_text reference C1 (at 3.5 0.1 180) (layer F.SilkS)
      (effects (font (size 1 1) (thickness 0.15)))
    )
    (fp_text value 10u (at 0 1.65 180) (layer F.Fab)
      (effects (font (size 1 1) (thickness 0.15)))
    )
    (fp_line (start -1 0.6) (end -1 -0.6) (layer F.Fab) (width 0.1))
    (fp_line (start -1 -0.6) (end 1 -0.6) (layer F.Fab) (width 0.1))
    (fp_line (start 1 -0.6) (end 1 0.6) (layer F.Fab) (width 0.1))
    (fp_line (start 1 0.6) (end -1 0.6) (layer F.Fab) (width 0.1))
    (fp_line (start -0.258578 -0.71) (end 0.258578 -0.71) (layer F.SilkS) (width 0.12))
    (fp_line (start -0.258578 0.71) (end 0.258578 0.71) (layer F.SilkS) (width 0.12))
    (fp_line (start -1.68 0.95) (end -1.68 -0.95) (layer F.CrtYd) (width 0.05))
    (fp_line (start -1.68 -0.95) (end 1.68 -0.95) (layer F.CrtYd) (width 0.05))
    (fp_line (start 1.68 -0.95) (end 1.68 0.95) (layer F.CrtYd) (width 0.05))
    (fp_line (start 1.68 0.95) (end -1.68 0.95) (layer F.CrtYd) (width 0.05))
    (fp_text user %R (at 0 0 180) (layer F.Fab)
      (effects (font (size 0.5 0.5) (thickness 0.08)))
    )
    (pad 1 smd roundrect (at -0.9375 0 180) (size 0.975 1.4) (layers F.Cu F.Paste F.Mask) (roundrect_rratio 0.25)
      (net 1 "Net-(C1-Pad1)"))
    (pad 2 smd roundrect (at 0.9375 0 180) (size 0.975 1.4) (layers F.Cu F.Paste F.Mask) (roundrect_rratio 0.25)
      (net 2 GND))
    (model ${KISYS3DMOD}/Capacitor_SMD.3dshapes/C_0805_2012Metric.wrl
      (at (xyz 0 0 0))
      (scale (xyz 1 1 1))
      (rotate (xyz 0 0 0))
    )
  )

  (module Capacitor_SMD:C_0603_1608Metric (layer F.Cu) (tedit 5B301BBE) (tstamp 5EE9A6AE)
    (at 17.6 -12.85 270)
    (descr "Capacitor SMD 0603 (1608 Metric), square (rectangular) end terminal, IPC_7351 nominal, (Body size source: http://www.tortai-tech.com/upload/download/2011102023233369053.pdf), generated with kicad-footprint-generator")
    (tags capacitor)
    (path /5EC7C2A9)
    (attr smd)
    (fp_text reference C2 (at 2.5 0 270) (layer F.SilkS)
      (effects (font (size 1 1) (thickness 0.15)))
    )
    (fp_text value 100n (at 0 1.43 270) (layer F.Fab)
      (effects (font (size 1 1) (thickness 0.15)))
    )
    (fp_line (start -0.8 0.4) (end -0.8 -0.4) (layer F.Fab) (width 0.1))
    (fp_line (start -0.8 -0.4) (end 0.8 -0.4) (layer F.Fab) (width 0.1))
    (fp_line (start 0.8 -0.4) (end 0.8 0.4) (layer F.Fab) (width 0.1))
    (fp_line (start 0.8 0.4) (end -0.8 0.4) (layer F.Fab) (width 0.1))
    (fp_line (start -0.162779 -0.51) (end 0.162779 -0.51) (layer F.SilkS) (width 0.12))
    (fp_line (start -0.162779 0.51) (end 0.162779 0.51) (layer F.SilkS) (width 0.12))
    (fp_line (start -1.48 0.73) (end -1.48 -0.73) (layer F.CrtYd) (width 0.05))
    (fp_line (start -1.48 -0.73) (end 1.48 -0.73) (layer F.CrtYd) (width 0.05))
    (fp_line (start 1.48 -0.73) (end 1.48 0.73) (layer F.CrtYd) (width 0.05))
    (fp_line (start 1.48 0.73) (end -1.48 0.73) (layer F.CrtYd) (width 0.05))
    (fp_text user %R (at 0 0 270) (layer F.Fab)
      (effects (font (size 0.4 0.4) (thickness 0.06)))
    )
    (pad 1 smd roundrect (at -0.7875 0 270) (size 0.875 0.95) (layers F.Cu F.Paste F.Mask) (roundrect_rratio 0.25)
      (net 15 +3V3))
    (pad 2 smd roundrect (at 0.7875 0 270) (size 0.875 0.95) (layers F.Cu F.Paste F.Mask) (roundrect_rratio 0.25)
      (net 2 GND))
    (model ${KISYS3DMOD}/Capacitor_SMD.3dshapes/C_0603_1608Metric.wrl
      (at (xyz 0 0 0))
      (scale (xyz 1 1 1))
      (rotate (xyz 0 0 0))
    )
  )

  (module Capacitor_SMD:C_0805_2012Metric (layer F.Cu) (tedit 5B36C52B) (tstamp 5EE9A6BF)
    (at 10.6 -15.95 180)
    (descr "Capacitor SMD 0805 (2012 Metric), square (rectangular) end terminal, IPC_7351 nominal, (Body size source: https://docs.google.com/spreadsheets/d/1BsfQQcO9C6DZCsRaXUlFlo91Tg2WpOkGARC1WS5S8t0/edit?usp=sharing), generated with kicad-footprint-generator")
    (tags capacitor)
    (path /5EC71A4C)
    (attr smd)
    (fp_text reference C3 (at 3.5 0 180) (layer F.SilkS)
      (effects (font (size 1 1) (thickness 0.15)))
    )
    (fp_text value 10u (at 0 1.65 180) (layer F.Fab)
      (effects (font (size 1 1) (thickness 0.15)))
    )
    (fp_text user %R (at 0 0 180) (layer F.Fab)
      (effects (font (size 0.5 0.5) (thickness 0.08)))
    )
    (fp_line (start 1.68 0.95) (end -1.68 0.95) (layer F.CrtYd) (width 0.05))
    (fp_line (start 1.68 -0.95) (end 1.68 0.95) (layer F.CrtYd) (width 0.05))
    (fp_line (start -1.68 -0.95) (end 1.68 -0.95) (layer F.CrtYd) (width 0.05))
    (fp_line (start -1.68 0.95) (end -1.68 -0.95) (layer F.CrtYd) (width 0.05))
    (fp_line (start -0.258578 0.71) (end 0.258578 0.71) (layer F.SilkS) (width 0.12))
    (fp_line (start -0.258578 -0.71) (end 0.258578 -0.71) (layer F.SilkS) (width 0.12))
    (fp_line (start 1 0.6) (end -1 0.6) (layer F.Fab) (width 0.1))
    (fp_line (start 1 -0.6) (end 1 0.6) (layer F.Fab) (width 0.1))
    (fp_line (start -1 -0.6) (end 1 -0.6) (layer F.Fab) (width 0.1))
    (fp_line (start -1 0.6) (end -1 -0.6) (layer F.Fab) (width 0.1))
    (pad 2 smd roundrect (at 0.9375 0 180) (size 0.975 1.4) (layers F.Cu F.Paste F.Mask) (roundrect_rratio 0.25)
      (net 2 GND))
    (pad 1 smd roundrect (at -0.9375 0 180) (size 0.975 1.4) (layers F.Cu F.Paste F.Mask) (roundrect_rratio 0.25)
      (net 1 "Net-(C1-Pad1)"))
    (model ${KISYS3DMOD}/Capacitor_SMD.3dshapes/C_0805_2012Metric.wrl
      (at (xyz 0 0 0))
      (scale (xyz 1 1 1))
      (rotate (xyz 0 0 0))
    )
  )

  (module Capacitor_SMD:C_0805_2012Metric (layer F.Cu) (tedit 5B36C52B) (tstamp 5EE9A6D0)
    (at 20.8 -22.25)
    (descr "Capacitor SMD 0805 (2012 Metric), square (rectangular) end terminal, IPC_7351 nominal, (Body size source: https://docs.google.com/spreadsheets/d/1BsfQQcO9C6DZCsRaXUlFlo91Tg2WpOkGARC1WS5S8t0/edit?usp=sharing), generated with kicad-footprint-generator")
    (tags capacitor)
    (path /5EC7C30D)
    (attr smd)
    (fp_text reference C4 (at 2.6 -1.1) (layer F.SilkS)
      (effects (font (size 1 1) (thickness 0.15)))
    )
    (fp_text value 10u (at 0 1.65) (layer F.Fab)
      (effects (font (size 1 1) (thickness 0.15)))
    )
    (fp_line (start -1 0.6) (end -1 -0.6) (layer F.Fab) (width 0.1))
    (fp_line (start -1 -0.6) (end 1 -0.6) (layer F.Fab) (width 0.1))
    (fp_line (start 1 -0.6) (end 1 0.6) (layer F.Fab) (width 0.1))
    (fp_line (start 1 0.6) (end -1 0.6) (layer F.Fab) (width 0.1))
    (fp_line (start -0.258578 -0.71) (end 0.258578 -0.71) (layer F.SilkS) (width 0.12))
    (fp_line (start -0.258578 0.71) (end 0.258578 0.71) (layer F.SilkS) (width 0.12))
    (fp_line (start -1.68 0.95) (end -1.68 -0.95) (layer F.CrtYd) (width 0.05))
    (fp_line (start -1.68 -0.95) (end 1.68 -0.95) (layer F.CrtYd) (width 0.05))
    (fp_line (start 1.68 -0.95) (end 1.68 0.95) (layer F.CrtYd) (width 0.05))
    (fp_line (start 1.68 0.95) (end -1.68 0.95) (layer F.CrtYd) (width 0.05))
    (fp_text user %R (at 0 0) (layer F.Fab)
      (effects (font (size 0.5 0.5) (thickness 0.08)))
    )
    (pad 1 smd roundrect (at -0.9375 0) (size 0.975 1.4) (layers F.Cu F.Paste F.Mask) (roundrect_rratio 0.25)
      (net 15 +3V3))
    (pad 2 smd roundrect (at 0.9375 0) (size 0.975 1.4) (layers F.Cu F.Paste F.Mask) (roundrect_rratio 0.25)
      (net 2 GND))
    (model ${KISYS3DMOD}/Capacitor_SMD.3dshapes/C_0805_2012Metric.wrl
      (at (xyz 0 0 0))
      (scale (xyz 1 1 1))
      (rotate (xyz 0 0 0))
    )
  )

  (module Capacitor_SMD:C_0603_1608Metric (layer F.Cu) (tedit 5B301BBE) (tstamp 5EE9A6E1)
    (at 15.8 -22.35 90)
    (descr "Capacitor SMD 0603 (1608 Metric), square (rectangular) end terminal, IPC_7351 nominal, (Body size source: http://www.tortai-tech.com/upload/download/2011102023233369053.pdf), generated with kicad-footprint-generator")
    (tags capacitor)
    (path /5EC719DA)
    (attr smd)
    (fp_text reference C5 (at -2.4 0.7 90) (layer F.SilkS)
      (effects (font (size 1 1) (thickness 0.15)))
    )
    (fp_text value 100n (at 0 1.43 90) (layer F.Fab)
      (effects (font (size 1 1) (thickness 0.15)))
    )
    (fp_text user %R (at 0 0 90) (layer F.Fab)
      (effects (font (size 0.4 0.4) (thickness 0.06)))
    )
    (fp_line (start 1.48 0.73) (end -1.48 0.73) (layer F.CrtYd) (width 0.05))
    (fp_line (start 1.48 -0.73) (end 1.48 0.73) (layer F.CrtYd) (width 0.05))
    (fp_line (start -1.48 -0.73) (end 1.48 -0.73) (layer F.CrtYd) (width 0.05))
    (fp_line (start -1.48 0.73) (end -1.48 -0.73) (layer F.CrtYd) (width 0.05))
    (fp_line (start -0.162779 0.51) (end 0.162779 0.51) (layer F.SilkS) (width 0.12))
    (fp_line (start -0.162779 -0.51) (end 0.162779 -0.51) (layer F.SilkS) (width 0.12))
    (fp_line (start 0.8 0.4) (end -0.8 0.4) (layer F.Fab) (width 0.1))
    (fp_line (start 0.8 -0.4) (end 0.8 0.4) (layer F.Fab) (width 0.1))
    (fp_line (start -0.8 -0.4) (end 0.8 -0.4) (layer F.Fab) (width 0.1))
    (fp_line (start -0.8 0.4) (end -0.8 -0.4) (layer F.Fab) (width 0.1))
    (pad 2 smd roundrect (at 0.7875 0 90) (size 0.875 0.95) (layers F.Cu F.Paste F.Mask) (roundrect_rratio 0.25)
      (net 2 GND))
    (pad 1 smd roundrect (at -0.7875 0 90) (size 0.875 0.95) (layers F.Cu F.Paste F.Mask) (roundrect_rratio 0.25)
      (net 4 "Net-(C5-Pad1)"))
    (model ${KISYS3DMOD}/Capacitor_SMD.3dshapes/C_0603_1608Metric.wrl
      (at (xyz 0 0 0))
      (scale (xyz 1 1 1))
      (rotate (xyz 0 0 0))
    )
  )

  (module Capacitor_SMD:C_0603_1608Metric (layer F.Cu) (tedit 5B301BBE) (tstamp 5EE9A6F2)
    (at 16.7 -26.55)
    (descr "Capacitor SMD 0603 (1608 Metric), square (rectangular) end terminal, IPC_7351 nominal, (Body size source: http://www.tortai-tech.com/upload/download/2011102023233369053.pdf), generated with kicad-footprint-generator")
    (tags capacitor)
    (path /5EC7168F)
    (attr smd)
    (fp_text reference C6 (at 2.5 0) (layer F.SilkS)
      (effects (font (size 1 1) (thickness 0.15)))
    )
    (fp_text value 10p (at 0 1.43) (layer F.Fab)
      (effects (font (size 1 1) (thickness 0.15)))
    )
    (fp_text user %R (at 0 0) (layer F.Fab)
      (effects (font (size 0.4 0.4) (thickness 0.06)))
    )
    (fp_line (start 1.48 0.73) (end -1.48 0.73) (layer F.CrtYd) (width 0.05))
    (fp_line (start 1.48 -0.73) (end 1.48 0.73) (layer F.CrtYd) (width 0.05))
    (fp_line (start -1.48 -0.73) (end 1.48 -0.73) (layer F.CrtYd) (width 0.05))
    (fp_line (start -1.48 0.73) (end -1.48 -0.73) (layer F.CrtYd) (width 0.05))
    (fp_line (start -0.162779 0.51) (end 0.162779 0.51) (layer F.SilkS) (width 0.12))
    (fp_line (start -0.162779 -0.51) (end 0.162779 -0.51) (layer F.SilkS) (width 0.12))
    (fp_line (start 0.8 0.4) (end -0.8 0.4) (layer F.Fab) (width 0.1))
    (fp_line (start 0.8 -0.4) (end 0.8 0.4) (layer F.Fab) (width 0.1))
    (fp_line (start -0.8 -0.4) (end 0.8 -0.4) (layer F.Fab) (width 0.1))
    (fp_line (start -0.8 0.4) (end -0.8 -0.4) (layer F.Fab) (width 0.1))
    (pad 2 smd roundrect (at 0.7875 0) (size 0.875 0.95) (layers F.Cu F.Paste F.Mask) (roundrect_rratio 0.25)
      (net 2 GND))
    (pad 1 smd roundrect (at -0.7875 0) (size 0.875 0.95) (layers F.Cu F.Paste F.Mask) (roundrect_rratio 0.25)
      (net 5 "Net-(C6-Pad1)"))
    (model ${KISYS3DMOD}/Capacitor_SMD.3dshapes/C_0603_1608Metric.wrl
      (at (xyz 0 0 0))
      (scale (xyz 1 1 1))
      (rotate (xyz 0 0 0))
    )
  )

  (module Capacitor_SMD:C_1206_3216Metric (layer F.Cu) (tedit 5B301BBE) (tstamp 5EE9A703)
    (at 10.6 -24.35 180)
    (descr "Capacitor SMD 1206 (3216 Metric), square (rectangular) end terminal, IPC_7351 nominal, (Body size source: http://www.tortai-tech.com/upload/download/2011102023233369053.pdf), generated with kicad-footprint-generator")
    (tags capacitor)
    (path /5EC7180F)
    (attr smd)
    (fp_text reference C7 (at 4 0 180) (layer F.SilkS)
      (effects (font (size 1 1) (thickness 0.15)))
    )
    (fp_text value 22u (at 0 1.82 180) (layer F.Fab)
      (effects (font (size 1 1) (thickness 0.15)))
    )
    (fp_line (start -1.6 0.8) (end -1.6 -0.8) (layer F.Fab) (width 0.1))
    (fp_line (start -1.6 -0.8) (end 1.6 -0.8) (layer F.Fab) (width 0.1))
    (fp_line (start 1.6 -0.8) (end 1.6 0.8) (layer F.Fab) (width 0.1))
    (fp_line (start 1.6 0.8) (end -1.6 0.8) (layer F.Fab) (width 0.1))
    (fp_line (start -0.602064 -0.91) (end 0.602064 -0.91) (layer F.SilkS) (width 0.12))
    (fp_line (start -0.602064 0.91) (end 0.602064 0.91) (layer F.SilkS) (width 0.12))
    (fp_line (start -2.28 1.12) (end -2.28 -1.12) (layer F.CrtYd) (width 0.05))
    (fp_line (start -2.28 -1.12) (end 2.28 -1.12) (layer F.CrtYd) (width 0.05))
    (fp_line (start 2.28 -1.12) (end 2.28 1.12) (layer F.CrtYd) (width 0.05))
    (fp_line (start 2.28 1.12) (end -2.28 1.12) (layer F.CrtYd) (width 0.05))
    (fp_text user %R (at 0 0 180) (layer F.Fab)
      (effects (font (size 0.8 0.8) (thickness 0.12)))
    )
    (pad 1 smd roundrect (at -1.4 0 180) (size 1.25 1.75) (layers F.Cu F.Paste F.Mask) (roundrect_rratio 0.2)
      (net 3 +5V))
    (pad 2 smd roundrect (at 1.4 0 180) (size 1.25 1.75) (layers F.Cu F.Paste F.Mask) (roundrect_rratio 0.2)
      (net 2 GND))
    (model ${KISYS3DMOD}/Capacitor_SMD.3dshapes/C_1206_3216Metric.wrl
      (at (xyz 0 0 0))
      (scale (xyz 1 1 1))
      (rotate (xyz 0 0 0))
    )
  )

  (module Capacitor_SMD:C_1206_3216Metric (layer F.Cu) (tedit 5B301BBE) (tstamp 5EE9A714)
    (at 10.6 -26.75 180)
    (descr "Capacitor SMD 1206 (3216 Metric), square (rectangular) end terminal, IPC_7351 nominal, (Body size source: http://www.tortai-tech.com/upload/download/2011102023233369053.pdf), generated with kicad-footprint-generator")
    (tags capacitor)
    (path /5EC71864)
    (attr smd)
    (fp_text reference C8 (at 4 0 180) (layer F.SilkS)
      (effects (font (size 1 1) (thickness 0.15)))
    )
    (fp_text value 22u (at 0 1.82 180) (layer F.Fab)
      (effects (font (size 1 1) (thickness 0.15)))
    )
    (fp_text user %R (at 0 0 180) (layer F.Fab)
      (effects (font (size 0.8 0.8) (thickness 0.12)))
    )
    (fp_line (start 2.28 1.12) (end -2.28 1.12) (layer F.CrtYd) (width 0.05))
    (fp_line (start 2.28 -1.12) (end 2.28 1.12) (layer F.CrtYd) (width 0.05))
    (fp_line (start -2.28 -1.12) (end 2.28 -1.12) (layer F.CrtYd) (width 0.05))
    (fp_line (start -2.28 1.12) (end -2.28 -1.12) (layer F.CrtYd) (width 0.05))
    (fp_line (start -0.602064 0.91) (end 0.602064 0.91) (layer F.SilkS) (width 0.12))
    (fp_line (start -0.602064 -0.91) (end 0.602064 -0.91) (layer F.SilkS) (width 0.12))
    (fp_line (start 1.6 0.8) (end -1.6 0.8) (layer F.Fab) (width 0.1))
    (fp_line (start 1.6 -0.8) (end 1.6 0.8) (layer F.Fab) (width 0.1))
    (fp_line (start -1.6 -0.8) (end 1.6 -0.8) (layer F.Fab) (width 0.1))
    (fp_line (start -1.6 0.8) (end -1.6 -0.8) (layer F.Fab) (width 0.1))
    (pad 2 smd roundrect (at 1.4 0 180) (size 1.25 1.75) (layers F.Cu F.Paste F.Mask) (roundrect_rratio 0.2)
      (net 2 GND))
    (pad 1 smd roundrect (at -1.4 0 180) (size 1.25 1.75) (layers F.Cu F.Paste F.Mask) (roundrect_rratio 0.2)
      (net 3 +5V))
    (model ${KISYS3DMOD}/Capacitor_SMD.3dshapes/C_1206_3216Metric.wrl
      (at (xyz 0 0 0))
      (scale (xyz 1 1 1))
      (rotate (xyz 0 0 0))
    )
  )

  (module Capacitor_SMD:C_1206_3216Metric (layer F.Cu) (tedit 5B301BBE) (tstamp 5EE9A725)
    (at 10.6 -29.15 180)
    (descr "Capacitor SMD 1206 (3216 Metric), square (rectangular) end terminal, IPC_7351 nominal, (Body size source: http://www.tortai-tech.com/upload/download/2011102023233369053.pdf), generated with kicad-footprint-generator")
    (tags capacitor)
    (path /5EC718A2)
    (attr smd)
    (fp_text reference C9 (at 2.1 1.8 180) (layer F.SilkS)
      (effects (font (size 1 1) (thickness 0.15)))
    )
    (fp_text value 22u (at 0 1.82 180) (layer F.Fab)
      (effects (font (size 1 1) (thickness 0.15)))
    )
    (fp_line (start -1.6 0.8) (end -1.6 -0.8) (layer F.Fab) (width 0.1))
    (fp_line (start -1.6 -0.8) (end 1.6 -0.8) (layer F.Fab) (width 0.1))
    (fp_line (start 1.6 -0.8) (end 1.6 0.8) (layer F.Fab) (width 0.1))
    (fp_line (start 1.6 0.8) (end -1.6 0.8) (layer F.Fab) (width 0.1))
    (fp_line (start -0.602064 -0.91) (end 0.602064 -0.91) (layer F.SilkS) (width 0.12))
    (fp_line (start -0.602064 0.91) (end 0.602064 0.91) (layer F.SilkS) (width 0.12))
    (fp_line (start -2.28 1.12) (end -2.28 -1.12) (layer F.CrtYd) (width 0.05))
    (fp_line (start -2.28 -1.12) (end 2.28 -1.12) (layer F.CrtYd) (width 0.05))
    (fp_line (start 2.28 -1.12) (end 2.28 1.12) (layer F.CrtYd) (width 0.05))
    (fp_line (start 2.28 1.12) (end -2.28 1.12) (layer F.CrtYd) (width 0.05))
    (fp_text user %R (at 0 0 180) (layer F.Fab)
      (effects (font (size 0.8 0.8) (thickness 0.12)))
    )
    (pad 1 smd roundrect (at -1.4 0 180) (size 1.25 1.75) (layers F.Cu F.Paste F.Mask) (roundrect_rratio 0.2)
      (net 3 +5V))
    (pad 2 smd roundrect (at 1.4 0 180) (size 1.25 1.75) (layers F.Cu F.Paste F.Mask) (roundrect_rratio 0.2)
      (net 2 GND))
    (model ${KISYS3DMOD}/Capacitor_SMD.3dshapes/C_1206_3216Metric.wrl
      (at (xyz 0 0 0))
      (scale (xyz 1 1 1))
      (rotate (xyz 0 0 0))
    )
  )

  (module local:logo (layer B.Cu) (tedit 5ECD4FBD) (tstamp 5EE9A780)
    (at 31.8 -5.25 180)
    (path /5F9633DA)
    (fp_text reference LOGO1 (at 0.2 0 180) (layer B.SilkS) hide
      (effects (font (size 1.524 1.524) (thickness 0.3)) (justify mirror))
    )
    (fp_text value Logo_Open_Hardware_Small (at 0.75 0 180) (layer B.SilkS) hide
      (effects (font (size 1.524 1.524) (thickness 0.3)) (justify mirror))
    )
    (fp_poly (pts (xy 0.447208 -0.520011) (xy 0.543941 -0.557204) (xy 0.62901 -0.618331) (xy 0.662591 -0.658298)
      (xy 0.688795 -0.721283) (xy 0.680807 -0.787618) (xy 0.634837 -0.865844) (xy 0.547095 -0.964499)
      (xy 0.510551 -1.000828) (xy 0.439543 -1.073708) (xy 0.388192 -1.133387) (xy 0.366975 -1.167624)
      (xy 0.366889 -1.168675) (xy 0.385777 -1.197315) (xy 0.437916 -1.258262) (xy 0.516521 -1.344035)
      (xy 0.614808 -1.447153) (xy 0.679222 -1.513038) (xy 0.991554 -1.829605) (xy 0.982611 -2.310677)
      (xy 0.973667 -2.791748) (xy 0.847846 -2.919874) (xy 0.722026 -3.048) (xy 0.490061 -3.048)
      (xy 0.374067 -3.046697) (xy 0.299979 -3.040309) (xy 0.253278 -3.025118) (xy 0.219444 -2.997407)
      (xy 0.199604 -2.973639) (xy 0.158846 -2.908353) (xy 0.141135 -2.853292) (xy 0.141111 -2.851919)
      (xy 0.164583 -2.792835) (xy 0.224135 -2.726849) (xy 0.303475 -2.668103) (xy 0.38631 -2.63074)
      (xy 0.399604 -2.627525) (xy 0.47701 -2.597565) (xy 0.52708 -2.54001) (xy 0.553336 -2.446742)
      (xy 0.559301 -2.309646) (xy 0.557838 -2.262875) (xy 0.549039 -2.056305) (xy 0.334523 -1.846597)
      (xy 0.242016 -1.76006) (xy 0.160491 -1.690892) (xy 0.100313 -1.647488) (xy 0.075545 -1.636889)
      (xy 0.02329 -1.659181) (xy -0.040673 -1.715257) (xy -0.101829 -1.788921) (xy -0.145662 -1.863972)
      (xy -0.156246 -1.89555) (xy -0.182544 -1.964516) (xy -0.212037 -2.004085) (xy -0.246126 -2.05138)
      (xy -0.279514 -2.125844) (xy -0.284346 -2.140091) (xy -0.317948 -2.222499) (xy -0.356407 -2.287747)
      (xy -0.361131 -2.29351) (xy -0.389282 -2.348791) (xy -0.41459 -2.436932) (xy -0.426026 -2.500643)
      (xy -0.45651 -2.634255) (xy -0.507342 -2.718978) (xy -0.582645 -2.759983) (xy -0.637326 -2.765778)
      (xy -0.722908 -2.751953) (xy -0.783489 -2.706418) (xy -0.822188 -2.62308) (xy -0.842126 -2.495848)
      (xy -0.846666 -2.357124) (xy -0.844991 -2.229537) (xy -0.838456 -2.145551) (xy -0.824795 -2.092385)
      (xy -0.801745 -2.057255) (xy -0.791822 -2.047559) (xy -0.746242 -1.983759) (xy -0.718429 -1.909129)
